1000
22
95
246
91
38
47
281
190
29
119
257
100
283
125
149
141
57
127
295
30
5
209
221
279
58
262
332
154
58
325
228
32
99
100
261
85
349
187
42
202
99
112
38
214
97
221
174
344
222
299
92
319
44
203
255
282
282
35
291
270
112
238
212
143
184
205
251
300
288
109
193
146
96
318
126
53
41
315
78
156
188
209
85
44
265
40
82
111
178
49
128
318
274
163
338
331
70
318
183
172
150
230
233
339
221
41
121
237
89
256
295
279
262
153
48
232
100
145
298
191
311
62
25
290
206
338
94
305
103
337
140
255
5
111
286
175
205
284
330
204
7
330
308
19
307
222
236
336
285
28
150
215
170
255
187
169
70
206
318
150
16
103
19
320
132
338
358
174
303
201
38
66
309
259
249
40
183
323
356
249
61
345
5
344
46
239
68
270
238
348
26
142
158
7
316
164
276
359
81
325
18
33
125
205
281
31
126
128
333
340
318
220
84
180
117
89
207
126
35
163
295
45
0
131
87
125
91
256
354
17
264
297
58
169
252
346
241
52
163
344
26
64
37
36
90
192
147
140
29
101
297
337
122
333
131
31
253
146
92
44
332
189
59
123
295
79
192
314
68
0
312
250
304
288
183
355
332
34
239
141
140
317
47
250
55
178
337
126
318
352
287
291
218
4
338
160
191
92
275
216
318
333
341
276
308
70
129
270
342
287
299
351
91
301
267
252
311
287
331
162
116
57
284
219
277
313
252
69
255
73
73
194
232
352
281
61
328
346
121
138
96
82
45
350
229
217
352
347
350
26
18
44
355
293
345
32
45
53
130
89
217
67
166
290
107
95
50
238
322
286
303
118
335
317
26
39
202
155
202
70
31
34
26
305
282
139
102
110
208
115
177
287
341
338
34
195
198
112
189
113
238
258
41
353
198
139
89
89
56
256
94
52
149
320
267
256
152
77
105
11
151
80
103
237
116
181
151
203
187
322
208
193
7
165
322
107
35
282
84
213
61
71
108
209
111
102
111
325
210
70
57
162
55
36
305
276
311
60
266
283
124
195
146
150
18
357
312
247
238
201
260
337
24
199
298
185
90
119
207
116
122
129
34
324
104
27
183
9
43
336
76
101
334
219
326
285
11
12
123
276
253
73
193
74
159
115
182
341
116
280
176
83
171
10
86
130
41
128
304
149
207
114
197
253
211
278
107
19
186
322
81
99
154
346
2
64
167
65
31
314
187
201
32
348
1
93
339
120
248
9
22
192
251
189
40
249
290
271
237
141
83
103
287
171
167
21
289
250
50
244
154
189
144
359
248
98
7
145
249
277
342
318
293
50
50
260
162
191
261
308
218
130
123
187
171
347
333
329
46
229
81
98
90
262
347
119
305
214
321
210
114
54
203
206
7
276
57
108
173
255
100
168
122
14
123
115
92
204
63
260
334
213
226
140
107
3
65
11
132
131
301
43
51
328
333
277
114
268
169
115
201
82
191
8
327
251
20
157
51
126
317
34
305
147
303
139
124
53
184
266
58
224
338
6
100
119
214
148
85
4
265
298
303
314
153
107
71
123
249
132
223
254
188
11
106
95
30
68
65
273
63
106
102
49
200
188
295
8
59
105
105
108
248
110
246
249
256
42
243
34
35
96
208
131
72
341
118
127
206
77
147
187
107
73
176
115
263
23
352
223
69
140
14
48
30
244
350
172
311
201
237
346
127
297
325
338
320
101
325
201
1
29
23
115
117
239
240
96
171
295
8
122
200
323
233
314
216
207
171
148
107
169
106
70
99
333
340
241
117
87
192
238
222
202
359
279
207
170
304
348
220
66
16
31
11
264
344
122
276
241
301
293
274
187
274
182
11
155
45
93
14
286
44
274
143
143
119
3
26
293
70
137
195
290
16
172
40
347
219
88
127
242
43
251
122
148
7
300
184
239
291
350
184
109
221
205
217
180
68
128
13
194
243
161
340
224
308
16
316
219
236
169
355
308
254
83
70
84
300
326
213
294
256
83
288
313
173
302
30
115
21
89
322
104
33
319
80
87
287
313
195
73
308
47
97
39
119
354
142
204
282
236
83
215
342
215
298
84
178
348
169
23
198
27
212
18
115
248
209
263
109
106
330
185
312
79
79
250
249
86
193
219
181
274
91
291
346
9
34
61
38
337
30
334
268
265
356
79
57
5
163
184
359
196
215
266
202
272
4
315
128
272
276
166
61
16
52
51
104
106
28
325
343
162
3
45
7
324
76
181
240
278
215
339
219
280
230
324
168
266
